001062.jpg,5.0,0,0,0,1,0,0
001027.jpg,15.0,0,0,0,0,0,1
001105.jpg,25.0,0,1,0,0,0,0
001417.jpg,10.0,0,0,0,0,1,0
001300.jpg,15.0,0,0,0,0,0,1
001011.jpg,15.0,0,0,0,0,0,1
001139.jpg,5.0,0,0,1,0,0,0
001160.jpg,5.0,0,0,0,0,0,1
000984.jpg,20.0,0,0,0,0,0,1
001383.jpg,10.0,0,0,0,0,1,0
001332.jpg,30.0,0,1,0,0,0,0
001309.jpg,15.0,0,0,0,0,0,1
001055.jpg,15.0,0,0,0,0,0,1
001009.jpg,10.0,0,1,0,0,0,0
001415.jpg,5.0,0,0,1,0,0,0
001256.jpg,30.0,0,0,1,0,0,0
001382.jpg,15.0,0,0,0,0,0,1
001288.jpg,5.0,0,0,1,0,0,0
000971.jpg,30.0,0,1,0,0,0,0
001289.jpg,5.0,0,1,0,0,0,0
001242.jpg,5.0,0,0,1,0,0,0
001232.jpg,15.0,0,0,0,0,0,1
001099.jpg,20.0,0,1,0,0,0,0
001428.jpg,15.0,0,0,0,1,0,0
001100.jpg,10.0,0,1,0,0,0,0
001410.jpg,15.0,0,0,1,0,0,0
001259.jpg,10.0,0,0,0,1,0,0
001329.jpg,10.0,0,0,0,1,0,0
001034.jpg,25.0,1,0,0,0,0,0
000903.jpg,10.0,0,0,1,0,0,0
001471.jpg,15.0,0,0,0,0,0,1
000106.jpg,5.0,0,1,0,0,0,0
000829.jpg,5.0,0,0,0,0,0,1
001663.jpg,30.0,0,1,0,0,0,0
000135.jpg,20.0,0,1,0,0,0,0
000121.jpg,5.0,0,0,1,0,0,0
000838.jpg,25.0,0,1,0,0,0,0
001693.jpg,20.0,0,1,0,0,0,0
000301.jpg,10.0,0,0,0,1,0,0
000254.jpg,5.0,0,0,1,0,0,0
000007.jpg,5.0,0,0,0,0,0,1
000607.jpg,10.0,0,1,0,0,0,0
000022.jpg,10.0,0,1,0,0,0,0
000476.jpg,15.0,0,1,0,0,0,0
000205.jpg,15.0,0,0,0,1,0,0
001429.jpg,15.0,0,0,0,0,0,1
001646.jpg,25.0,0,1,0,0,0,0
000369.jpg,15.0,0,0,0,0,0,1
001704.jpg,30.0,0,1,0,0,0,0
000141.jpg,10.0,0,1,0,0,0,0
000173.jpg,10.0,0,1,0,0,0,0
001640.jpg,25.0,0,1,0,0,0,0
000959.jpg,15.0,0,0,0,1,0,0
000833.jpg,15.0,0,1,0,0,0,0
000950.jpg,10.0,0,0,1,0,0,0
000471.jpg,15.0,0,0,0,0,0,1
000891.jpg,20.0,0,0,0,0,0,1
000920.jpg,10.0,0,0,0,1,0,0
000382.jpg,15.0,0,0,0,0,0,1
000623.jpg,20.0,0,1,0,0,0,0
001675.jpg,25.0,0,1,0,0,0,0
000587.jpg,15.0,0,0,0,0,0,1
000424.jpg,20.0,0,0,1,0,0,0
001007.jpg,15.0,0,0,0,0,0,1
001094.jpg,10.0,0,1,0,0,0,0
001255.jpg,0.0,0,0,1,0,0,0
000948.jpg,0.0,0,0,1,0,0,0
000227.jpg,15.0,0,0,0,0,0,1
000526.jpg,15.0,0,0,0,0,0,1
001705.jpg,30.0,0,1,0,0,0,0
001480.jpg,5.0,0,0,0,0,0,1
000531.jpg,5.0,0,0,0,1,0,0
000140.jpg,15.0,0,0,0,1,0,0
001407.jpg,20.0,0,0,1,0,0,0
000035.jpg,10.0,0,0,0,0,0,1
000047.jpg,0.0,0,1,0,0,0,0
000504.jpg,5.0,0,1,0,0,0,0
001665.jpg,25.0,0,1,0,0,0,0
000483.jpg,10.0,0,0,0,1,0,0
000662.jpg,5.0,0,0,1,0,0,0
000874.jpg,0.0,0,0,0,0,0,1
000671.jpg,0.0,0,1,0,0,0,0
000519.jpg,0.0,0,0,0,0,0,1
000010.jpg,15.0,0,0,0,1,0,0
000637.jpg,10.0,0,0,0,0,0,1
001484.jpg,20.0,0,0,1,0,0,0
000949.jpg,15.0,0,0,0,0,0,1
000232.jpg,15.0,0,0,0,0,0,1
001434.jpg,15.0,0,0,1,0,0,0
000634.jpg,5.0,0,0,1,0,0,0
000936.jpg,5.0,0,0,0,1,0,0
000909.jpg,15.0,0,0,0,0,0,1
000710.jpg,15.0,0,0,0,0,0,1
000672.jpg,20.0,0,0,1,0,0,0
000250.jpg,5.0,0,0,0,1,0,0
000621.jpg,5.0,0,0,0,1,0,0
001427.jpg,10.0,0,0,1,0,0,0
000747.jpg,25.0,0,1,0,0,0,0
000255.jpg,15.0,0,0,1,0,0,0
000616.jpg,25.0,0,1,0,0,0,0
000902.jpg,10.0,0,0,1,0,0,0
000191.jpg,25.0,0,0,0,0,0,1
000185.jpg,5.0,0,0,0,1,0,0
001107.jpg,15.0,0,0,1,0,0,0
001095.jpg,15.0,0,0,1,0,0,0
001035.jpg,15.0,0,1,0,0,0,0
000592.jpg,15.0,0,0,0,0,0,1
000848.jpg,15.0,0,0,0,0,0,1
000768.jpg,15.0,0,0,1,0,0,0
000210.jpg,15.0,0,0,0,0,0,1
001153.jpg,15.0,0,1,0,0,0,0
001624.jpg,25.0,0,1,0,0,0,0
000932.jpg,0.0,0,0,1,0,0,0
000441.jpg,5.0,0,0,0,1,0,0
000530.jpg,10.0,0,0,1,0,0,0
001395.jpg,5.0,0,0,1,0,0,0
001128.jpg,10.0,0,0,1,0,0,0
000257.jpg,10.0,0,1,0,0,0,0
001703.jpg,30.0,0,1,0,0,0,0
000635.jpg,5.0,0,0,1,0,0,0
